nsanf	pcost
1	44.75
2	44.75
3	28.75
4	34.5
5	34.5
6	34.5
7	26.284
8	26.365
9	26.295
10	34.5
11	34.5
12	23.5
13	40
14	30
15	40
16	48
17	30
18	50
19	30
20	60
21	20
22	10
23	32.5
24	32.5
25	50
26	24.5
27	50.4
28	50
29	10
30	55.75
31	10
32	10
33	20
34	55.75
35	28
36	28
37	28
38	30
39	43.25
40	43.25
41	73.25
42	30
43	30
44	49
45	30
46	30
47	35.75
48	0
49	34.5
50	20
51	30
52	33
53	56.5
54	65.5
55	360
56	65.5
57	69.5
58	65.5
59	65.5
60	23
61	94.606
62	117.25
63	85.75
64	85.75
65	59
66	59
67	59
68	59
69	59
70	50
71	50
72	50
73	31
74	38.602
75	31
76	124.75
77	39.291
78	119.25
79	49.284
80	68.96
81	87.796
82	28.55
83	30
84	30.527
85	30
86	30
87	30
88	30
89	30
90	20
91	30
92	30
93	30
94	27.5
95	20
96	20
97	20
98	5
99	5
100	5
101	5
102	5
103	20
104	20
105	20
106	20
107	20
108	35.75
109	76.105
110	34.5
111	34.5
112	55.5
113	55.5
114	55.5
115	51.225
116	36
117	52.262
118	55.5
119	59
120	59
121	59
122	59
123	59
124	73.251
125	117.25
126	186.942
127	159.505
128	105
129	107.47
130	125.925
131	33.25
132	34.923
133	30
134	27.069
135	31.727
136	31.772
137	31.644
138	33.75
139	27.405
140	27
141	28.244
142	41.5
143	41.5
144	41.5
145	41.5
146	37
147	37
148	37
149	37
150	37
151	30
152	51.25
153	51.25
154	51.25
155	51.25
156	52.75
157	33.393
158	25
159	43.5
160	43.5
161	117.25
162	34.5
163	30
164	34.5
165	44.5
166	30
167	30
168	30
169	30
170	30
171	20
172	20
173	20
174	20
175	5
176	30
177	30
178	30
179	30
180	35
181	30
182	30
183	20
184	20
185	20
186	5
187	20
188	40.71
189	55.092
190	30.25
191	26.972
192	22.759
193	31.43
194	30.723
195	30.673
196	28.917
197	25.308
198	33.107
199	19
200	22
201	35.75
202	62.52
203	67.977
204	47.608
205	105
206	129.934
207	127.348
208	132.768
209	36.25
210	229.25
211	229.25
212	79.75
213	56.75
214	79.75
215	71.75
216	113.58
217	229.25
218	63.766
219	37
220	38
221	42.75
222	34.25
223	34.25
224	72.25
225	83.897
226	40.25
227	40.25
228	56.5
229	68.621
230	47.166
231	63.068
232	106.75
233	106.75
234	13.25
235	13.25
236	57.25
237	57.25
238	57.25
239	25.547
240	59
241	64
242	34.5
243	23.5
244	46.25
245	37.25
246	37.25
247	37.25
248	37.25
249	36.924
250	20.75
251	26.5
252	39
253	36.75
254	30.75
255	30.75
256	145.667
257	65.75
258	56.5
259	65.75
260	39
261	39
262	105
263	26
264	26
265	59
266	66
267	58.25
268	58.25
269	58.25
270	58.25
271	34.25
272	30.25
273	61
274	74.75
275	57.25
276	26
277	26
278	26
279	26
280	26
281	46.7
282	30.25
283	30.25
284	30.25
285	48.499
286	40.75
287	65
288	65
289	55
290	30.25
291	34.25
292	34.25
293	30.25
294	30.25
295	41.25
296	30.25
297	81.75
298	42.624
299	66
300	71.5
301	74.75
302	31
303	28.5
304	42.28
305	69.44
306	28.5
307	34.487
308	31
309	28.5
310	29
311	28.5
312	28.5
313	46.75
314	31.25
315	31.25
316	31
317	45.51
318	28.5
319	42.624
320	31
321	28.5
322	28.5
323	42.624
324	381.258
325	124.25
326	28.5
327	76.575
328	113.25
329	113.25
330	57.25
331	60.295
332	45.5
333	65
334	65
335	5
336	110
337	79.882
338	105
339	35.75
340	35.75
341	27.25
342	553
343	71.75
344	71.75
345	94.5
346	510.251
347	71.75
348	553
349	30.75
350	30.75
351	30.75
352	30.75
353	30.75
354	30.75
355	30.75
356	30.75
357	49.424
358	36
359	36
360	45.5
361	45.5
362	38.5
363	38.5
364	41.25
365	41.25
366	45.5
367	42.305
368	41.25
369	41.25
370	41.25
371	41.25
372	36
373	36
374	92
375	36.25
376	92
377	93.75
378	93.75
379	93.75
380	98
381	84.75
382	84.75
383	84.75
384	92.5
385	94.25
386	94.25
387	78.5
388	97
389	80.75
390	94.25
391	97
392	97
393	31
394	50.74
395	49.977
396	37.75
397	56.662
398	36
399	45.5
400	36
401	36
402	122.5
403	21
404	21
405	57.25
406	57.25
407	57.25
408	36.25
409	75.045
410	95.75
411	95.75
412	63.548
413	85.361
414	87.1
415	112.02
416	39.792
417	41.25
418	31
419	21
420	80.75
421	81.75
422	65.693
423	80.75
424	58.755
425	36
426	36
427	44.605
428	29
429	44.147
430	31
431	52.389
432	55.81
433	31
434	31
435	36
436	88.331
437	62
438	62
439	138.5
440	87.5
441	185.594
442	62
443	62
444	128.254
445	160.5
446	62
447	87.5
448	138.5
449	138.5
450	87.5
451	87.5
452	204.379
453	200.004
454	160.5
455	93.701
456	94.202
457	87.5
458	138.5
459	172.989
460	174.395
461	131.25
462	111.078
463	122.353
464	118.397
465	119.901
466	117.147
467	210.43
468	131.25
469	45.5
470	42.75
471	88.75
472	131.911
473	76.5
474	94.25
475	49.5
476	76.5
477	70
478	81.366
479	88.75
480	88.75
481	43.75
482	43.75
483	88.75
484	85
485	49.5
486	28.76
487	22
488	25.844
489	32.061
490	31.564
491	30.624
492	22
493	25.808
494	22
495	22
496	24.75
497	46.859
498	30.587
499	22
500	28.959
501	60.728
502	98.5
503	105
504	650.25
505	519.752
506	650.25
507	650.25
508	119.25
509	69.554
510	70
511	54.541
512	70
513	78.5
514	43.447
515	78.5
516	80.75
517	80.75
518	80.75
519	80.75
520	78.5
521	78.5
522	42.624
523	178.133
524	105
525	105
526	140.75
527	105
528	63.098
529	85.75
530	85.75
531	95.75
532	95.75
533	95.75
534	68.5
535	144.75
536	60.5
537	79.786
538	68.5
539	93.68
540	96.124
541	93.822
542	60.5
543	60.5
544	177
545	177
546	119.5
547	174.994
548	144.75
549	177
550	76.536
551	204.999
552	170.785
553	153
554	68.75
555	61.75
556	106.935
557	106.034
558	61.75
559	65
560	39.5
561	39.5
562	39.5
563	39.5
564	76.295
565	61.75
566	80.939
567	75.482
568	68.75
569	76.319
570	39.5
571	80.237
572	75.056
573	83.092
574	74.385
575	79.009
576	85.428
577	88.266
578	87.42
579	85.113
580	86.722
581	87.5
582	120.552
583	168.541
584	82.924
585	65
586	88.435
587	65
588	80.84
589	84.208
590	24.25
591	40
592	0
593	29
594	40
595	40
600	0
602	10
603	10
604	10
605	10
596	0
597	0
598	0
599	35
606	10
607	10
608	10
609	10
610	45
611	30
612	40
613	30
614	30
601	30
615	42.75
616	30
617	26
618	32
620	5
621	47.5
622	124.546
623	119.659
624	163.658
625	1139.456
626	1139.456
627	1139.456
628	1139.456
629	1139.456
630	1139.456
631	1139.456
632	1139.456
633	1139.456
634	1139.456
635	25.576
636	25.576
637	31.7
638	58.126
639	58.035
640	0
641	77.785
642	77.785
643	57.921
712	188.694
713	127.903
644	60.442
645	57.252
646	194.712
647	194.712
648	194.712
649	131.877
650	88.375
651	88.375
652	88.375
653	88.375
654	88.375
655	88.375
656	88.375
657	88.375
658	88.375
659	88.375
660	88.375
661	88.375
662	98.042
663	98.042
664	98.042
665	98.042
666	98.042
667	112.543
668	112.543
669	112.543
670	112.543
671	122.21
672	122.21
673	122.21
674	122.21
675	122.21
676	122.21
677	93.209
678	93.209
679	98.042
680	98.042
681	98.042
682	98.042
683	218.879
684	194.712
685	194.712
686	194.712
687	194.712
688	131.877
689	131.877
690	131.877
691	131.877
692	70
693	112.814
694	103.768
695	130
696	112.814
697	54.224
698	82
699	53.595
700	103.768
701	162
702	53.626
703	53.214
704	365.612
705	92.733
706	88.934
707	81.415
708	28.788
709	29.127
710	26.904
711	26.295
714	118.551
715	118.551
716	85.817
717	95.17
718	95.17
719	95.124
720	127.903
721	0
722	109.198
723	178.924
724	138.514
725	192.194
726	130.239
727	130.239
728	87.341
729	87.341
730	87.341
731	87.341
732	87.341
733	87.341
734	87.341
735	95.923
736	96.207
737	110.233
738	115.086
739	120.706
740	120.706
741	109.07
742	120.706
743	111.173
744	111.173
745	111.173
746	111.173
747	62.398
748	99.628
749	83.897
750	94.384
751	62.398
752	89.14
753	99.628
754	127.903
755	127.903
756	129.301
757	86.655
758	86.655
759	96.132
760	84.286
761	100.87
762	91.394
763	91.394
764	91.394
765	91.394
766	91.394
767	189.798
768	128.56
769	86.165
770	86.165
771	100.297
772	100.297
773	100.297
774	137.982
775	137.982
776	137.982
777	137.982
778	137.982
779	90.876
780	145
781	53.69
782	72.256
783	0
784	100
785	110.39
786	86.305
787	106.192
788	115
789	48.672
790	83.797
791	120.426
792	48.672
793	110.39
794	106.376
795	218.272
796	218.272
797	60
798	64.729
799	112.899
800	97.846
801	60
802	120.426
803	53.69
804	0
805	5
806	82.215
807	93.786
808	149.987
809	145
810	81.285
811	69.971
812	86.13
813	88.808
814	31
815	27.199
816	20
817	0
818	20
819	67
820	54.233
821	0
822	61.528
823	67
824	54.233
825	54.233
826	54.233
827	65.439
828	65.439
829	65.439
830	85
831	98.408
832	98.408
833	98.408
834	187.99
835	98.408
836	92.612
837	128.38
838	80.925
839	110
840	75.929
841	75.929
842	65.439
843	65.439
844	55.948
845	55.948
846	59.944
847	113.394
848	113.394
849	105
850	0
851	86.919
852	0
853	106.9
854	115
855	59.528
856	59.528
857	59.528
858	59.528
859	59.528
860	137.948
861	138.529
862	0
863	81.924
864	138.726
865	138.494
866	138.726
867	137.795
868	194.842
1730	64.753
869	80.836
870	89.662
871	89.662
872	89.662
873	89.662
874	80.836
875	80.836
876	80.836
877	111.726
878	111.726
879	111.726
880	89.662
881	120.552
882	164.681
883	164.681
885	89.662
886	199.985
887	199.985
888	155.856
889	155.856
890	155.856
891	155.856
892	155.856
893	164.681
894	164.681
895	199.985
896	199.985
897	199.985
898	199.985
899	199.985
900	177.92
901	1078.314
902	1078.314
903	1161.26
904	1161.26
905	85.006
906	36.852
884	164.681
907	85.006
908	85.006
909	67
910	75
911	524.94
912	84.514
913	47.662
914	46.622
944	50.887
945	35.621
946	100
947	69.715
915	110
916	205
917	80.475
918	105.313
919	130
920	80.475
921	107.623
922	109.869
923	1.384
924	64.082
925	105
926	105
927	83.456
928	83.456
929	100
930	71.533
931	95
932	83.456
933	105
934	120
935	71.533
936	64.082
937	100
938	80.475
939	110
940	80.475
941	83.456
942	162
943	162
961	128.504
962	137
963	137
964	115
965	81.379
966	115
967	92.133
968	93.487
969	162
970	91.551
948	67
949	88.544
950	35.621
951	50.887
952	115
953	108.898
954	55.976
955	110
956	74.295
957	108.898
958	108.898
959	45
960	69.715
971	86.465
972	91.551
973	115
974	209.132
976	81.045
977	81.045
978	109.146
979	109.146
980	109.146
981	123.197
982	123.197
983	123.197
984	123.197
975	4887.75
985	123.197
986	123.197
987	134.772
988	91.55
989	102.594
990	35
991	85
992	85
993	85
994	85
995	79.278
996	80.9
997	79.278
998	85
999	109.779
1000	106.474
1001	83.568
1002	86.292
1003	90.259
1004	83.453
1005	90.259
1006	68.124
1007	391.05
1008	87.5
1009	387.533
1010	391.05
1011	153.229
1012	49.729
1013	49.729
1014	85.688
1015	61.4
1016	49.729
1017	60.385
1018	49.729
1019	100
1020	95.83
1021	65.437
1022	61.4
1023	42.624
1024	110
1025	87.837
1026	49.729
1027	110
1028	96.61
1029	74.593
1030	49.729
1031	83.09
1032	81.156
1033	60.385
1034	137
1035	74.593
1036	60.385
1037	101.785
1038	94.568
1039	100.003
1040	74.593
1041	72.056
1042	72.056
1043	50.744
1044	75.003
1045	70.397
1046	49.729
1047	342.341
1048	391.05
1049	51.251
1050	360.969
1051	44.147
1052	84.455
1053	44.147
1054	38.058
1055	42.624
1056	118.242
1057	42.624
1058	42.624
1059	44.147
1060	44.147
1061	44.147
1062	83.99
1063	44.147
1064	49.729
1065	96.496
1066	42.394
1067	38.058
1068	56.325
1069	49.729
1070	49.729
1071	73.948
1072	74.593
1073	50
1074	76.629
1075	76.629
1076	96.514
1077	81.479
1078	76.629
1079	76.629
1080	81.479
1081	81.479
1082	81.479
1083	93.118
1084	83.432
1085	93.118
1086	93.118
1087	90.356
1088	114.915
1089	78.576
1090	93.137
1091	114.915
1092	116.768
1093	94.99
1094	578.281
1095	426.482
1096	547.921
1097	93.137
1098	440.939
1099	440.939
1100	440.939
1101	455.396
1102	426.482
1103	426.482
1104	195.819
1105	0
1106	426.482
1107	586.206
1108	51.434
1109	91.174
1110	163.917
1111	112.89
1112	123.514
1113	100
1114	125
1115	125
1116	105
1117	622.046
1118	100
1119	83.797
1120	110
1121	80.108
1122	594.659
1123	594.659
1124	594.659
1125	120
1126	100
1127	594.659
1128	105
1129	98.737
1130	41.694
1131	27.888
1132	33.389
1133	27.888
1134	28.424
1135	43.149
1136	46.154
1137	33.338
1138	22.793
1139	22.793
1140	28.424
1141	27.888
1142	28.424
1143	63.682
1144	69.879
1145	68.435
1146	74.365
1147	68.527
1148	71.061
1149	26.526
1150	123.789
1151	75.72
1152	80.513
1153	94.89
1154	92.973
1155	120.041
1156	80.513
1157	87.035
1158	104.686
1159	158
1160	66.936
1161	158.948
1162	67
1163	68.54
1164	53.309
1165	130
1166	97.914
1167	87.035
1168	97.914
1169	67
1170	53.309
1171	70.414
1172	53.309
1173	62.103
1174	67
1175	53.309
1176	92.474
1177	53.309
1178	62
1179	62
1180	53.309
1181	53.309
1182	62
1183	53.309
1184	53.309
1185	0
1186	53.309
1187	59.963
1188	67
1189	48.834
1190	48.834
1191	110
1192	401.117
1193	48.834
1194	401.117
1195	401.117
1196	384.015
1197	384.015
1198	401.117
1199	41.858
1200	43.353
1201	60.295
1202	48.834
1203	48.834
1204	137
1205	48.834
1206	45
1207	48.834
1208	48.834
1209	48.834
1210	48.834
1211	60.295
1212	48.834
1213	48.834
1214	401.117
1215	43.353
1216	43.353
1217	43.353
1218	43.353
1219	70.76
1220	41.858
1221	202.007
1222	202.007
1223	58.872
1224	48.452
1225	110
1226	14.868
1227	60
1228	74.649
1229	140
1230	115
1231	58.872
1232	58.872
1233	100
1234	93.779
1235	0
1236	58.872
1237	64.286
1238	51.057
1239	80
1240	60
1241	58.872
1242	58.872
1243	92.737
1244	100
1245	51.057
1246	60
1247	58.872
1248	58.872
1249	73
1250	58.872
1251	105
1252	51.057
1253	60
1254	86.292
1255	86.292
1256	49.456
1257	62
1258	138.476
1259	65
1260	77
1261	98.912
1262	59.232
1263	34.128
1264	133.159
1265	183.371
1266	46.873
1267	51.057
1268	51.057
1269	77.107
1270	77.107
1271	87.527
1272	62
1273	137
1274	92.737
1275	58.872
1276	51.057
1277	92.737
1278	97.946
1279	58.872
1280	105
1281	58.872
1282	145
1283	156.962
1284	126.617
1288	0
1289	0
1290	0
1291	119.603
1292	85
1293	85
1294	85
1295	65.213
1296	70.018
1297	85
1285	126.617
1286	126.617
1287	1091.523
1298	70
1299	75
1300	75
1301	105.476
1302	65.417
1303	75
1304	122
1305	0
1306	82.545
1307	17.38
1308	85
1309	75
1310	42.988
1311	85
1312	85
1313	75
1314	0
1315	70
1316	66.25
1317	70
1318	80
1319	85
1320	69.935
1321	75
1322	0
1323	70.041
1324	85.417
1325	75.625
1326	45
1327	65.022
1328	80
1329	80
1330	74.583
1331	70.625
1332	69.724
1333	70
1334	85
1335	70.833
1336	70.238
1337	75
1338	67.501
1339	85
1340	115
1341	0
1342	75
1343	75
1344	75
1345	75
1346	80
1347	85
1348	70.833
1349	95
1350	85
1351	90
1352	66
1353	54.996
1354	80
1355	75
1356	75
1357	75
1358	65
1359	70
1360	67.667
1361	69.896
1362	65
1363	65
1364	65
1365	65
1366	68.75
1367	65
1368	65
1369	65
1370	68.333
1371	65
1372	45
1373	49.333
1374	42.021
1375	40.019
1376	43
1377	43
1378	34
1379	36.994
1380	43
1381	43
1382	34.042
1383	34.117
1384	43
1385	43
1386	34
1408	60
1409	50
1410	78
1411	82.983
1412	0
1413	0
1414	0
1415	0
1416	120
1417	125
1418	110
1419	120
1387	43
1420	0
1421	120
1422	125
1423	0
1424	0
1425	105
1426	0
1427	0
1428	137
1429	0
1430	0
1431	0
1388	34.006
1432	0
1433	115
1434	125
1435	80
1436	0
1437	0
1438	112
1439	0
1440	0
1441	115
1442	100
1389	43
1443	0
1460	117.054
1461	90.042
1462	90.042
1463	90.042
1464	91.937
1465	91.937
1466	114.211
1467	86.25
1468	86.25
1469	86.25
1470	90.042
1390	33.997
1444	110
1445	110
1446	110
1447	0
1448	105
1449	110
1450	0
1451	137
1452	0
1453	110
1454	105
1455	84.965
1391	22.75
1456	88.014
1457	137
1458	0
1459	0
1471	90.042
1472	0
1473	43
1474	57.167
1475	60
1476	55
1477	49.92
1478	65
1392	34
1479	65
1480	65
1481	55
1482	65
1483	65
1484	65
1485	38
1486	65
1487	68.75
1488	55
1489	94.841
1490	109.429
1393	85.75
1491	1
1492	1
1493	109.574
1494	1
1495	1
1496	84.777
1497	0
1498	1
1499	101.85
1500	1
1501	1
1502	1
1394	43
1395	0
1396	40.667
1397	39.069
1398	41.963
1399	43
1400	43
1401	34.001
1402	43
1403	47.922
1404	43
1405	17
1406	37
1407	35.297
1503	0
1504	78.718
1505	1
1506	59.994
1507	39.684
1508	77.931
1509	88.333
1510	1
1511	99.764
1512	1
1513	1
1514	1
1515	1
1516	139.508
1517	91.154
1518	139.996
1519	74.994
1520	109
1521	92
1522	1
1523	1
1524	1
1525	1
1526	46.5
1527	1
1528	1
1529	1
1530	74.757
1531	1
1532	1
1533	1
1548	71.4
1549	1
1550	69.477
1551	1
1552	165
1553	964.422
1554	72.04
1534	65.688
1535	1
1536	118.097
1537	1
1538	1
1539	1
1540	97.49
1541	1
1542	1
1543	1
1544	74.357
1545	1
1546	1
1547	1
1564	1
1565	1
1566	1
1567	1
1568	1
1569	1
1570	52.992
1571	60.793
1572	1
1573	1
1574	1
1575	47.958
1555	1
1556	1
1557	1
1558	70
1559	68.714
1560	1
1561	1
1562	1
1563	0
1576	505
1577	1
1578	1
1579	28
1580	1
1581	1
1582	56.837
1583	1765
1596	635
1597	755.69
1598	635
1599	635
1600	635
1601	635
1602	635
1603	635
1604	730
1584	1
1585	1
1586	40.5
1587	98.789
1588	1
1589	1
1590	67
1591	98.263
1592	1
1593	1
1594	1
1595	57.666
1605	730
1606	635
1607	635
1608	635
1609	635
1610	635
1611	634.621
1612	635
1613	730
1614	730
1615	730
1616	635
1617	634.896
1618	628
1619	635
1660	52.504
1661	1
1662	46.886
1663	99.788
1664	635
1665	635
1666	635
1667	635
1668	635
1669	635
1670	730
1620	635
1621	635
1622	635
1623	635
1624	895
1625	728.269
1626	57
1627	635
1628	635
1629	635
1630	625.667
1631	730
1632	730
1633	730
1634	729.157
1635	730
1636	730
1637	635
1638	635
1639	635
1640	635
1641	635
1642	635
1643	626.429
1644	730
1645	730
1646	635
1647	635
1648	635
1649	635
1650	635
1651	635
1652	635
1653	730
1654	730
1655	936.25
1656	88.733
1657	129.98
1658	1
1659	1
1671	730
1672	70
1673	1
1674	74.54
1675	79.754
1676	1
1677	69.992
1678	69.324
1679	86.944
1680	82.218
1681	69.75
1682	1
1683	1
1684	730
1685	1
1686	1
1687	1
1688	70.394
1689	1
1690	90.428
1691	64.904
1692	0.325
1693	61
1694	125
1695	37
1696	13
1697	120
1698	110
1699	90
1700	90
1701	90
1702	93.529
1703	110
1704	0
1705	90
1706	70
1707	94.999
1708	139.999
1709	90
1710	115
1711	70
1712	70
1713	95
1714	125
1715	125
1716	107.5
1717	85
1718	86
1719	90.828
1720	125
1721	125
1722	86
1723	95
1724	125
1725	130
1726	114.583
1727	137
1728	125
1729	1
1731	55
1732	47.842
1733	69.986
1734	56.433
1735	48
1736	48
1737	58
1738	48
1739	64.698
1740	48
1741	48
1742	58
1743	62.651
1744	48
1745	48
1746	48
1747	48
1748	132
1749	0
1750	5
1751	145
1752	44
1753	120
1754	110
1755	120
1756	85
1757	85
1758	85
1759	85
1760	120
1761	120
1762	120
1763	120
1764	120
1765	75
1766	85
1767	85
1768	85
1769	120
1770	120
1771	120
1772	144.138
1773	120
1774	120
1775	85
1776	85
1777	120
1778	85
1779	120
1780	168
1781	120
1782	120
1783	120
1784	85
1785	85
1786	75
1787	120
1788	120
1789	120
1790	85
1791	120
1792	120
1793	120
1794	120
1795	120
1796	85
1797	120
1798	120
1799	120
1800	143.864
1801	120
1802	120
1803	120
1804	120
1805	120
1806	120
1807	75
1808	85
1809	120
1810	120
1811	120
1812	120
1813	75
1814	120
1815	120
1816	120
1817	120
1818	120
1819	120
1820	120
1821	120
1822	75
1823	120
1824	120
1825	120
1826	120
1827	120
1828	120
1829	120
1830	120
1831	120
1832	120
1833	120
1834	120
1835	120
1836	95.107
1837	95.107
1838	95.107
1839	0
1840	184.729
1841	184.729
1842	92.051
1843	115.397
1844	115.397
1845	115.397
1846	115.397
1847	36.42
1848	36.42
1849	147.682
1850	147.682
1851	92.051
1852	36.42
1853	36.42
1854	36.42
1855	36.42
1856	36.42
1857	36.42
1858	32.284
1859	32.284
1867	62.103
1861	32.284
1862	32.284
1863	32.284
1864	32.284
1865	32.284
1866	32.284
619	1