code cost
426	52.903
427	52.903
428	52.550
429	52.550
430	51.370
431	55.650
432	55.650
433	51.370
434	51.370
435	51.370
436	55.650
437	55.650
438	55.650
439	51.370
440	51.370
434	51.370
435	51.370
441	51.370
211	65.000
442	74.812
443	83.680
444	69.653
445	69.653
446	105.124
447	86.744
370	96.740
448	109.800
449	77.876
450	69.653
451	72.555
452	105.124
453	105.124
454	55.464
456	120.764
42	69.653
458	83.680
369	101.577
459	100.932
460	48.209
461	38.535
462	83.680
463	69.653
464	69.653
48	105.124
465	64.977
466	124.472
467	82.229
468	105.124
469	105.124
470	130.116
471	69.653
472	109.800
473	69.653
474	105.124
475	70.459
476	69.653
6	105.124
477	105.124
478	69.653
479	69.653
10	77.876
480	69.653
481	46.274
482	105.124
483	92.064
484	63.042
485	69.653
486	105.124
487	72.555
488	69.653
489	105.124
490	105.124
491	105.124
492	105.124
493	63.042
494	63.042
495	63.042
496	63.042
497	65.945
498	63.042
499	65.945
500	69.653
501	69.653
502	69.653
503	64.816
504	69.653
505	69.653
506	129.471
507	130.116
508	69.330
509	105.124
510	105.124
511	72.555
512	62.559
513	65.945
514	69.653
515	75.780
516	76.908
518	54.321
519	50.143
520	50.143
521	50.143
522	50.143
523	50.143
524	50.143
525	54.321
526	50.143
527	50.143
528	54.321
529	50.143
530	50.143
531	54.321
532	50.143
533	50.143
534	50.143
535	50.143
536	50.143
537	54.321
234	57.000
638	80.666
551	406.952
648	63.591
649	139.399
650	110.379
651	84.276
652	84.276
653	84.276
654	73.089
655	110.379
656	110.379
657	69.360
658	84.276
659	84.276
183	117.837
290	132.753
660	132.753
661	84.276
662	110.379
562	406.952
228	91.734
397	91.734
663	73.089
664	73.089
178	117.837
665	91.734
666	117.837
667	125.295
668	91.734
669	84.276
670	73.089
671	73.089
332	84.276
672	117.837
673	117.837
674	73.089
675	84.276
676	117.837
677	117.837
678	125.295
679	84.276
680	132.753
683	48.863
684	40.719
685	40.719
524	48.863
686	48.863
687	48.863
688	48.863
689	48.863
690	48.863
691	48.863
692	48.863
247	73.089
693	48.863
694	48.863
696	48.863
697	48.863
698	48.863
699	48.863
700	132.000
701	79.248
392	148.346
702	118.677
703	118.677
704	118.677
705	89.008
706	89.008
707	89.008
708	89.008
709	118.677
710	118.677
711	118.677
712	118.677
713	118.677
714	74.173
715	89.008
716	89.008
717	89.008
718	118.677
719	118.677
720	118.677
721	118.677
722	89.008
723	89.008
724	118.677
725	89.008
695	48.863
726	118.677
727	118.677
728	118.677
729	118.677
730	118.677
731	89.008
732	89.008
733	66.756
734	118.677
735	118.677
736	118.677
737	89.008
738	118.677
739	118.677
740	118.677
741	118.677
742	118.677
743	118.677
744	118.677
745	89.008
746	118.677
747	118.677
748	118.677
749	118.677
750	118.677
751	118.677
752	118.677
753	118.677
754	118.677
755	118.677
756	118.677
757	74.173
758	89.008
759	118.677
760	118.677
761	118.677
762	66.756
763	118.677
764	118.677
765	118.677
766	118.677
767	118.677
768	118.677
769	118.677
770	118.677
771	66.756
772	118.677
773	118.677
774	118.677
775	118.677
776	118.677
777	118.677
778	118.677
779	118.677
780	118.677
781	118.677
538	60.534
539	60.534
3	59.140
540	50.780
541	60.534
542	63.320
543	60.534
499	60.534
544	62.392
545	63.320
546	60.534
547	60.534
42	66.881
452	100.941
548	124.938
549	48.922
550	428.117
619	432.313
552	432.313
553	428.117
554	432.313
555	428.102
556	432.313
557	428.102
558	710.458
559	710.458
560	428.102
561	428.102
562	432.328
563	428.102
564	428.102
565	432.313
566	428.102
567	710.458
568	710.458
569	710.458
570	432.313
571	428.102
572	432.313
573	428.102
574	428.102
575	428.102
576	432.313
577	428.102
578	710.458
579	710.458
470	124.938
454	53.257
507	124.938
580	37.311
581	432.313
552	432.313
582	432.313
583	428.102
584	432.313
576	432.313
585	710.458
586	710.458
587	710.458
588	710.458
589	710.458
590	710.458
591	432.313
592	428.102
593	432.313
594	428.102
595	428.102
596	428.102
584	432.313
597	428.102
598	710.458
599	710.458
600	428.102
601	432.313
602	428.102
603	428.102
604	432.313
583	428.102
605	432.313
606	428.102
607	710.458
608	710.458
609	710.458
506	124.319
549	48.922
481	44.433
610	74.312
611	68.584
369	97.535
462	80.350
370	92.891
442	48.922
39	50.780
538	60.534
498	60.534
612	33.750
613	60.534
499	60.534
36	66.881
512	60.069
614	47.839
548	124.938
45	66.881
615	66.881
507	124.938
616	25.545
449	74.777
617	83.756
616	25.545
442	48.922
618	432.313
619	432.313
620	428.102
621	432.313
581	432.313
622	428.102
623	428.102
624	428.102
625	710.458
626	710.458
514	66.881
627	66.881
463	66.881
628	60.534
629	60.534
630	50.780
631	60.534
504	66.881
632	66.881
633	66.881
634	66.881
580	37.311
514	66.881
468	100.941
477	100.941
500	66.881
635	66.881
636	66.881
637	66.881
42	66.881
634	66.881
475	67.655
615	66.881
548	124.938
638	84.840
639	710.458
516	73.848
472	105.431
472	105.431
640	83.756
616	25.545
641	66.881
446	100.941
452	100.941
475	67.655
473	66.881
627	66.881
452	100.941
510	100.941
511	69.668
642	66.881
615	66.881
471	66.881
446	100.941
452	100.941
548	124.938
549	48.922
643	66.881
644	66.881
645	66.881
467	78.957
646	66.881
492	100.941
647	124.938
627	66.881
470	124.938
616	25.545
782	118.677
783	118.677
784	118.677
290	140.000
69	30.324
